0.01282051
0.05128205
0.00641026
0.03205128
0.03205128
0.02564103
0.03205128
0.01923077
0.01282051
0.00000000
0.02564103
0.02564103
0.00641026
0.03205128
0.02564103
0.01923077
0.00641026
0.00641026
0.01282051
0.00641026
0.02564103
0.01282051
0.03846154
0.01923077
0.01282051
0.01282051
0.03205128
0.03205128
0.05128205
0.01923077
0.00641026
0.01282051
0.01282051
0.01923077
0.01282051
0.01282051
0.00641026
0.03205128
0.03846154
0.01282051
0.01923077
0.01923077
0.01282051
0.01282051
0.01282051
0.03846154
0.02564103
0.01923077
0.03205128
0.01923077
0.01282051
0.01282051
0.01923077
0.01923077
0.03846154
0.01282051
0.03205128
0.05769231
0.04487179
0.03205128
0.03846154
0.01282051
0.06410256
0.01282051
0.01923077
0.00641026
0.01923077
0.01923077
0.01282051
0.01923077
0.01923077
0.03205128
0.03846154
0.00641026
0.02564103
0.03846154
0.03846154
0.03205128
0.01282051
0.02564103
0.03846154
0.03205128
0.02564103
0.01923077
0.01282051
0.01923077
0.01923077
0.02564103
0.03846154
0.02564103
0.02564103
0.02564103
0.02564103
0.05769231
0.04487179
0.02564103
0.02564103
0.01282051
0.01282051
0.03846154
0.03846154
0.03205128
0.02564103
0.00641026
0.01923077
0.01923077
0.03846154
0.01282051
0.03205128
0.01282051
0.01923077
0.00641026
0.01923077
0.01923077
0.03846154
0.03205128
0.01282051
0.00641026
0.03205128
0.01282051
0.02564103
0.00641026
0.01282051
0.05769231
0.01282051
0.03846154
0.01282051
0.03205128
0.01282051
0.01923077
0.01282051
0.01923077
0.02564103
0.01923077
0.01282051
0.01923077
0.01923077
0.01282051
0.00641026
0.03846154
0.00641026
0.03205128
0.02564103
0.01282051
0.02564103
0.03205128
0.03846154
0.04487179
0.00641026
0.01923077
0.01282051
0.00641026
0.01282051
0.05769231
0.04487179
0.02564103
0.01282051
0.00641026
0.01923077
0.03205128
0.03846154
0.02564103
0.01923077
0.01282051
0.02564103
0.01282051
0.01923077
0.04487179
0.01282051
0.01282051
0.03846154
0.02564103
0.01923077
0.02564103
0.01923077
0.01282051
0.03205128
0.01282051
0.03846154
0.02564103
0.01923077
0.01923077
0.03205128
0.03846154
0.03205128
0.00641026
0.06410256
0.01923077
0.03846154
0.02564103
0.04487179
0.01282051
0.02564103
0.01282051
0.03205128
0.01282051
0.00641026
