0.05000000
0.05000000
0.00000000
0.00000000
0.00000000
0.05000000
0.00000000
0.00000000
0.05000000
0.00000000
0.00000000
0.00000000
0.00000000
0.05000000
0.00000000
0.10000000
0.00000000
0.05000000
0.00000000
0.00000000
0.05000000
0.00000000
0.05000000
0.00000000
0.05000000
0.00000000
0.00000000
0.00000000
0.05000000
0.05000000
0.05000000
0.00000000
0.00000000
0.05000000
0.15000000
0.05000000
0.00000000
0.00000000
0.05000000
0.05000000
0.00000000
0.00000000
0.00000000
0.10000000
0.05000000
0.00000000
0.05000000
0.00000000
0.00000000
0.10000000
0.00000000
0.10000000
0.05000000
0.00000000
0.10000000
0.00000000
0.05000000
0.00000000
0.10000000
0.05000000
0.05000000
0.10000000
0.05000000
0.00000000
0.00000000
0.05000000
0.00000000
0.00000000
0.10000000
0.00000000
0.05000000
0.00000000
0.00000000
0.10000000
0.00000000
0.00000000
0.00000000
0.05000000
0.05000000
0.00000000
0.00000000
0.05000000
0.00000000
0.05000000
0.00000000
0.00000000
0.05000000
0.10000000
0.00000000
0.00000000
0.05000000
0.05000000
0.00000000
0.00000000
0.05000000
0.05000000
0.00000000
0.00000000
0.05000000
0.10000000
0.05000000
0.05000000
0.00000000
0.05000000
0.00000000
0.00000000
0.00000000
0.05000000
0.05000000
0.00000000
0.05000000
0.00000000
0.05000000
0.00000000
0.05000000
0.05000000
0.00000000
0.05000000
0.05000000
0.00000000
0.05000000
0.00000000
0.05000000
0.00000000
0.05000000
0.00000000
0.00000000
0.05000000
0.00000000
0.00000000
0.10000000
0.00000000
0.05000000
0.05000000
0.05000000
0.00000000
0.10000000
0.00000000
0.00000000
0.05000000
0.05000000
0.00000000
0.00000000
0.00000000
0.00000000
0.10000000
0.00000000
0.10000000
0.05000000
0.00000000
0.00000000
0.05000000
0.05000000
0.00000000
0.00000000
0.05000000
0.15000000
0.15000000
0.00000000
0.10000000
0.00000000
0.00000000
0.00000000
0.00000000
0.00000000
0.00000000
0.10000000
0.05000000
0.00000000
0.05000000
0.25000000
0.05000000
0.05000000
0.10000000
0.05000000
0.05000000
0.00000000
0.00000000
0.00000000
0.05000000
0.05000000
0.00000000
0.10000000
0.10000000
0.05000000
0.00000000
0.05000000
0.05000000
0.05000000
0.00000000
0.05000000
0.00000000
0.00000000
0.05000000
0.00000000
0.00000000
0.05000000
